7 0
22 0
30 0
32 0
46 0
48 0
51 0
52 0
56 0
59 0
60 0
62 0
63 0
67 0
70 0
71 0
73 0
79 0
80 0
82 0
90 0
91 0
93 0
96 0
98 0
99 0
100 0
101 0
102 0
107 0
108 0
109 0
112 0
113 0
114 0
116 0
117 0
123 0
125 0
128 0
131 0
135 0
137 0
138 0
142 0
143 0
146 0
148 0
150 0
151 0
154 0
157 0
159 0
161 0
163 0
165 0
167 0
169 0
171 0
172 0
173 0
174 0
176 0
177 0
178 0
182 0
187 0
188 0
189 0
191 0
197 0
199 0
200 0
201 0
206 0
207 0
208 0
209 0
212 0
217 0
218 0
219 0
220 0
222 0
224 0
227 0
229 0
231 0
234 0
235 0
236 0
237 0
238 0
244 0
247 0
248 0
249 0
250 0
251 0
254 0
255 0
257 0
258 0
260 0
265 0
266 0
272 0
274 0
275 0
276 0
277 0
279 0
283 0
285 0
290 0
291 0
292 0
294 0
295 0
296 0
297 0
301 0
302 0
304 0
305 0
307 0
309 0
310 0
312 0
313 0
317 0
318 0
319 0
320 0
322 0
323 0
326 0
327 0
328 0
329 0
334 0
336 0
337 0
338 0
339 0
347 0
348 0
349 0
351 0
352 0
354 0
357 0
360 0
361 0
366 0
367 0
368 0
369 0
371 0
375 0
377 0
379 0
381 0
383 0
386 0
387 0
388 0
389 0
390 0
393 0
394 0
398 0
401 0
402 0
403 0
406 0
407 0
408 0
409 0
410 0
414 0
416 0
418 0
421 0
422 0
424 0
425 0
426 0
427 0
430 0
431 0
434 0
439 0
441 0
443 0
444 0
447 0
450 0
453 0
454 0
455 0
456 0
459 0
462 0
463 0
464 0
465 0
466 0
468 0
469 0
471 0
472 0
473 0
474 0
475 0
479 0
482 0
490 0
495 0
496 0
499 0
501 0
502 0
504 0
505 0
507 0
508 0
510 0
511 0
512 0
514 0
515 0
520 0
522 0
523 0
526 0
527 0
528 0
529 0
532 0
534 0
536 0
537 0
538 0
540 0
541 0
542 0
544 0
545 0
547 0
548 0
549 0
550 0
552 0
553 0
554 0
557 0
558 0
562 0
564 0
565 0
572 0
574 0
575 0
576 0
577 0
578 0
582 0
583 0
586 0
587 0
589 0
591 0
593 0
594 0
597 0
599 0
601 0
603 0
607 0
608 0
609 0
611 0
613 0
614 0
616 0
617 0
618 0
619 0
621 0
623 0
625 0
626 0
629 0
631 0
632 0
633 0
634 0
635 0
636 0
639 0
640 0
642 0
645 0
648 0
649 0
650 0
651 0
656 0
657 0
658 0
660 0
662 0
667 0
668 0
671 0
672 0
674 0
676 0
677 0
678 0
679 0
680 0
686 0
687 0
688 0
689 0
690 0
693 0
695 0
697 0
698 0
699 0
700 0
701 0
703 0
704 0
705 0
706 0
715 0
718 0
727 0
728 0
730 0
731 0
733 0
735 0
740 0
742 0
744 0
745 0
746 0
749 0
750 0
756 0
759 0
761 0
762 0
763 0
764 0
765 0
771 0
772 0
773 0
774 0
775 0
776 0
777 0
779 0
780 0
781 0
784 0
786 0
791 0
792 0
794 0
795 0
796 0
799 0
800 0
801 0
802 0
803 0
804 0
805 0
808 0
809 0
810 0
811 0
813 0
814 0
817 0
822 0
827 0
828 0
830 0
832 0
834 0
835 0
837 0
838 0
839 0
841 0
849 0
851 0
853 0
859 0
860 0
861 0
862 0
863 0
865 0
867 0
869 0
870 0
871 0
872 0
873 0
874 0
875 0
880 0
881 0
882 0
884 0
886 0
888 0
889 0
890 0
892 0
893 0
894 0
897 0
898 0
899 0
900 0
906 0
909 0
912 0
913 0
914 0
919 0
921 0
923 0
924 0
926 0
930 0
931 0
933 0
934 0
935 0
939 0
940 0
942 0
944 0
946 0
947 0
949 0
950 0
955 0
957 0
962 0
964 0
965 0
966 0
969 0
970 0
974 0
976 0
977 0
980 0
983 0
984 0
986 0
987 0
988 0
989 0
990 0
992 0
994 0
998 0
1002 0
1005 0
1006 0
1007 0
1008 0
1009 0
1010 0
1013 0
1016 0
1017 0
1018 0
1019 0
1021 0
1028 0
1030 0
1034 0
1035 0
1036 0
1037 0
1039 0
1040 0
1041 0
1043 0
1046 0
1049 0
1051 0
1055 0
1056 0
1059 0
1061 0
1062 0
1063 0
1066 0
1067 0
1074 0
1076 0
1077 0
1079 0
1080 0
1081 0
1082 0
1089 0
1090 0
1092 0
1095 0
1096 0
1098 0
1100 0
1101 0
1104 0
1105 0
1106 0
1107 0
1111 0
1113 0
1116 0
1117 0
1118 0
1119 0
1122 0
1124 0
1127 0
1129 0
1133 0
1134 0
1137 0
1141 0
1143 0
1144 0
1151 0
1152 0
1153 0
1155 0
1158 0
1161 0
1166 0
1169 0
1170 0
1174 0
1177 0
1186 0
1189 0
1192 0
1195 0
1196 0
1201 0
1203 0
1213 0
1214 0
1220 0
1221 0
1222 0
1224 0
1225 0
1227 0
1228 0
1229 0
1230 0
1235 0
1236 0
1237 0
1238 0
1240 0
1247 0
1248 0
1249 0
1251 0
1254 0
1259 0
1260 0
1264 0
1267 0
1268 0
1269 0
1270 0
1271 0
1272 0
1274 0
1275 0
1276 0
1278 0
1281 0
1282 0
1285 0
1286 0
1287 0
1288 0
1290 0
1291 0
1293 0
1294 0
1295 0
1298 0
1299 0
1300 0
1302 0
1303 0
1304 0
1305 0
1307 0
1308 0
1309 0
1312 0
1313 0
1314 0
1315 0
1316 0
1317 0
1318 0
1321 0
1322 0
1324 0
1330 0
1331 0
1334 0
1335 0
1337 0
1340 0
1350 0
1352 0
1353 0
1355 0
1357 0
1362 0
1363 0
1364 0
1368 0
1370 0
1374 0
1375 0
1376 0
1378 0
1379 0
1380 0
1382 0
1384 0
1385 0
1387 0
1388 0
1394 0
1395 0
1396 0
1398 0
1399 0
1400 0
1405 0
1406 0
1410 0
1411 0
1412 0
1418 0
1420 0
1422 0
1423 0
1424 0
1425 0
1428 0
1431 0
1432 0
1433 0
1434 0
1437 0
1439 0
1440 0
1442 0
1444 0
1445 0
1451 0
1453 0
1455 0
1456 0
1457 0
1458 0
1459 0
1460 0
1463 0
1464 0
1468 0
1469 0
1473 0
1475 0
1477 0
1478 0
1481 0
1484 0
1485 0
1487 0
1488 0
1491 0
1493 0
1497 0
1499 0
1500 0
1502 0
1503 0
1506 0
1508 0
1510 0
1511 0
1513 0
1514 0
1515 0
1516 0
1519 0
1521 0
1522 0
1524 0
1525 0
1527 0
1529 0
1530 0
1536 0
1537 0
1539 0
1540 0
1541 0
1542 0
1543 0
1546 0
1547 0
1548 0
1553 0
1554 0
1555 0
1556 0
1563 0
1564 0
1565 0
1566 0
1567 0
1571 0
1572 0
1573 0
1575 0
1577 0
1578 0
1580 0
1583 0
1584 0
1585 0
1587 0
1588 0
1590 0
1593 0
1599 0
1600 0
1602 0
1603 0
1604 0
1606 0
1607 0
1608 0
1610 0
1611 0
1613 0
1614 0
1615 0
1617 0
1619 0
1621 0
1622 0
1624 0
1626 0
1628 0
1629 0
1630 0
1632 0
1639 0
1640 0
1643 0
1646 0
1649 0
1653 0
1654 0
1656 0
1657 0
1658 0
1660 0
1664 0
1665 0
1666 0
1667 0
1668 0
1669 0
1672 0
1674 0
1680 0
1683 0
1684 0
1685 0
1686 0
1689 0
1691 0
1694 0
1697 0
1698 0
1701 0
1704 0
1707 0
1708 0
1709 0
1713 0
1715 0
1718 0
1719 0
1720 0
1724 0
1726 0
1727 0
1728 0
1729 0
1730 0
1737 0
1738 0
1739 0
1742 0
1751 0
1754 0
1756 0
1757 0
1761 0
1763 0
1767 0
1771 0
1773 0
1776 0
1778 0
1779 0
1780 0
1781 0
1785 0
1787 0
1788 0
1789 0
1791 0
1792 0
1794 0
1798 0
1799 0
1803 0
1805 0
1808 0
1810 0
1813 0
1814 0
1815 0
1816 0
1817 0
1818 0
1819 0
1820 0
1821 0
1823 0
1831 0
1832 0
1834 0
1835 0
1836 0
1838 0
1839 0
1840 0
1841 0
1854 0
1856 0
1857 0
1858 0
1859 0
1861 0
1864 0
1865 0
1866 0
1867 0
1869 0
1870 0
1872 0
1874 0
1875 0
1878 0
1879 0
1882 0
1883 0
1884 0
1885 0
1886 0
1887 0
1888 0
1889 0
1890 0
1892 0
1893 0
1894 0
1895 0
1896 0
1897 0
1898 0
1902 0
1903 0
1904 0
1905 0
1906 0
1908 0
1910 0
1912 0
1915 0
1916 0
1919 0
1921 0
1922 0
1926 0
1928 0
1931 0
1933 0
1934 0
1935 0
1938 0
1941 0
1942 0
1943 0
1944 0
1945 0
1946 0
1947 0
1948 0
1950 0
1951 0
1952 0
1953 0
1958 0
1959 0
1961 0
1965 0
1968 0
1970 0
1973 0
1975 0
1977 0
1979 0
1981 0
1983 0
1988 0
1989 0
1990 0
1991 0
1992 0
1996 0
1997 0
1999 0
2000 0
2001 0
2003 0
2004 0
2005 0
2006 0
2008 0
2009 0
2011 0
2012 0
2014 0
2015 0
2020 0
2022 0
2023 0
2024 0
2027 0
2028 0
2032 0
2034 0
2038 0
2040 0
2045 0
2046 0
2049 0
2050 0
2051 0
2055 0
2056 0
2058 0
2059 0
2064 0
2067 0
2069 0
2072 0
2074 0
2076 0
2077 0
2078 0
2080 0
2082 0
2085 0
2086 0
2087 0
2088 0
2089 0
2090 0
2091 0
2092 0
2093 0
2094 0
2098 0
2100 0
2101 0
2102 0
2103 0
2104 0
2105 0
2106 0
2109 0
2114 0
2117 0
2119 0
2124 0
2125 0
2129 0
2131 0
2136 0
2137 0
2138 0
2141 0
2143 0
2146 0
2147 0
2148 0
2151 0
2152 0
2153 0
2155 0
2158 0
2160 0
2161 0
2165 0
2167 0
2168 0
2169 0
2174 0
2175 0
2176 0
2178 0
2180 0
2183 0
2186 0
2191 0
2194 0
2197 0
2201 0
2203 0
2206 0
2210 0
2211 0
2212 0
2213 0
2216 0
2217 0
2221 0
2225 0
2226 0
2227 0
2230 0
2232 0
2234 0
2235 0
2236 0
2237 0
2238 0
2239 0
2240 0
2242 0
2243 0
2246 0
2248 0
2250 0
2254 0
2255 0
2256 0
2259 0
2262 0
2270 0
2276 0
2281 0
2284 0
2285 0
2287 0
2288 0
2289 0
2290 0
2294 0
2295 0
2298 0
2299 0
2302 0
2303 0
2305 0
2306 0
2310 0
2315 0
2317 0
2318 0
2323 0
2324 0
2325 0
2327 0
2328 0
2332 0
2334 0
2337 0
2338 0
2340 0
2341 0
2345 0
2346 0
2347 0
2351 0
2355 0
2356 0
2358 0
2367 0
2368 0
2369 0
2370 0
2371 0
2372 0
2376 0
2384 0
2385 0
2386 0
2387 0
2390 0
2392 0
2396 0
2402 0
2403 0
2405 0
2408 0
2409 0
2415 0
2418 0
2419 0
2420 0
2421 0
2427 0
2437 0
2438 0
2441 0
2442 0
2445 0
2448 0
2449 0
2450 0
2452 0
2453 0
2455 0
2457 0
2460 0
2462 0
2464 0
2466 0
2468 0
2470 0
2471 0
2476 0
2477 0
2478 0
2480 0
2481 0
2482 0
2483 0
2484 0
2485 0
2486 0
2488 0
2490 0
2492 0
2496 0
2497 0
2498 0
2500 0
2501 0
2504 0
2505 0
2506 0
2507 0
2508 0
2511 0
2513 0
2515 0
2517 0
2518 0
2520 0
2523 0
2525 0
2526 0
2527 0
2530 0
2531 0
2537 0
2539 0
2540 0
2542 0
2543 0
2544 0
2546 0
2549 0
2550 0
2552 0
2555 0
2556 0
2557 0
2558 0
2559 0
2560 0
2561 0
2562 0
2563 0
2564 0
2565 0
2568 0
2570 0
2571 0
2572 0
2573 0
2574 0
2576 0
2578 0
2581 0
2589 0
2590 0
2591 0
2592 0
2594 0
2595 0
2596 0
2597 0
2598 0
2601 0
2603 0
2605 0
2607 0
2613 0
2615 0
2618 0
2621 0
2625 0
2626 0
2630 0
2632 0
2637 0
2640 0
2641 0
2643 0
2645 0
2647 0
2649 0
2650 0
2651 0
2654 0
2655 0
2656 0
2657 0
2659 0
2663 0
2666 0
2676 0
2677 0
2681 0
2683 0
2684 0
2685 0
2686 0
2691 0
2692 0
2694 0
2695 0
2699 0
2701 0
2703 0
2706 0
2710 0
2711 0
2712 0
2713 0
2714 0
2716 0
2717 0
2718 0
2719 0
2720 0
2721 0
2724 0
2726 0
2729 0
2731 0
2732 0
2733 0
2735 0
2736 0
2737 0
2738 0
2739 0
2741 0
2742 0
2743 0
2745 0
2748 0
2751 0
2752 0
2753 0
2754 0
2758 0
2761 0
2762 0
2763 0
2764 0
2765 0
2768 0
2770 0
2771 0
2773 0
2775 0
2776 0
2783 0
2787 0
2789 0
2790 0
2791 0
2793 0
2795 0
2799 0
2800 0
2805 0
2806 0
2810 0
2811 0
2812 0
2813 0
2818 0
2821 0
2823 0
2824 0
2825 0
2826 0
2829 0
2830 0
2832 0
2833 0
2838 0
2844 0
2848 0
2850 0
2851 0
2854 0
2855 0
2856 0
2857 0
2858 0
2859 0
2860 0
2861 0
2862 0
2865 0
2870 0
2874 0
2878 0
2879 0
2880 0
2881 0
2883 0
2884 0
2885 0
2886 0
2887 0
2888 0
2890 0
2892 0
2894 0
2895 0
2898 0
2905 0
2907 0
2911 0
2912 0
2915 0
2916 0
2918 0
2921 0
2922 0
2924 0
2926 0
2927 0
2937 0
2941 0
2942 0
2943 0
2948 0
2949 0
2950 0
2953 0
2961 0
2962 0
2964 0
2965 0
2966 0
2968 0
2969 0
2970 0
2975 0
2978 0
2980 0
2986 0
2987 0
2989 0
2991 0
2994 0
2995 0
2996 0
3000 0
3006 0
3010 0
3013 0
3014 0
3015 0
3020 0
3022 0
3023 0
3024 0
3025 0
3026 0
3027 0
3028 0
3029 0
3031 0
3032 0
3033 0
3035 0
3036 0
3037 0
3040 0
3041 0
3046 0
3047 0
3050 0
3052 0
3053 0
3059 0
3062 0
3063 0
3065 0
3067 0
3070 0
3071 0
3072 0
3074 0
3078 0
3079 0
3080 0
3081 0
3082 0
3083 0
3084 0
3085 0
3087 0
3088 0
3089 0
3090 0
3093 0
3095 0
3099 0
3101 0
3102 0
3104 0
3105 0
3106 0
3108 0
3109 0
3114 0
3117 0
3118 0
3119 0
3120 0
3123 0
3124 0
3125 0
3127 0
3129 0
3130 0
3132 0
3133 0
3134 0
3137 0
3138 0
3142 0
3147 0
3154 0
3157 0
3158 0
3161 0
3162 0
3164 0
3167 0
3171 0
3174 0
3175 0
3176 0
3177 0
3178 0
3179 0
3181 0
3182 0
3185 0
3189 0
3194 0
3195 0
3197 0
3200 0
3207 0
3222 0
3226 0
3227 0
3229 0
3233 0
3238 0
3239 0
3240 0
3245 0
3248 0
3249 0
3252 0
3256 0
3257 0
3266 0
3271 0
3274 0
3276 0
3277 0
3278 0
3279 0
3281 0
3284 0
3285 0
3287 0
3289 0
3290 0
3292 0
3293 0
3295 0
3298 0
3302 0
3303 0
3305 0
3308 0
3309 0
3310 0
3311 0
3313 0
3314 0
3316 0
3317 0
3318 0
3321 0
3324 0
3325 0
3328 0
3330 0
3331 0
3332 0
3334 0
3339 0
3344 0
3349 0
3350 0
3352 0
3358 0
3359 0
3360 0
3361 0
3362 0
3363 0
3364 0
3366 0
3368 0
3371 0
3373 0
3374 0
3375 0
3376 0
3378 0
3382 0
3383 0
3384 0
3386 0
3389 0
3390 0
3391 0
3393 0
3394 0
3395 0
3398 0
3400 0
3401 0
3402 0
3404 0
3405 0
3406 0
3407 0
3408 0
3409 0
3410 0
3412 0
3415 0
3419 0
3425 0
3426 0
3427 0
3433 0
3436 0
3437 0
3444 0
3445 0
3446 0
3447 0
3448 0
3449 0
3450 0
3451 0
3452 0
3453 0
3454 0
3456 0
3457 0
3458 0
3459 0
3462 0
3467 0
3468 0
3470 0
3471 0
3474 0
3475 0
3476 0
3477 0
3478 0
3480 0
3482 0
3484 0
3485 0
3487 0
3489 0
3491 0
3493 0
3496 0
3499 0
3501 0
3502 0
3506 0
3507 0
3510 0
3515 0
3518 0
3520 0
3521 0
3522 0
3524 0
3526 0
3528 0
3530 0
3540 0
3541 0
3545 0
3548 0
3552 0
3553 0
3555 0
3557 0
3560 0
3561 0
3562 0
3563 0
3564 0
3565 0
3568 0
3572 0
3578 0
3579 0
3580 0
3581 0
3583 0
3585 0
3586 0
3589 0
3590 0
3591 0
3593 0
3594 0
3595 0
3597 0
3599 0
3601 0
3602 0
3603 0
3604 0
3608 0
3610 0
3611 0
3612 0
3615 0
3617 0
3620 0
3624 0
3625 0
3626 0
3627 0
3631 0
3632 0
3634 0
3635 0
3636 0
3640 0
3641 0
3643 0
3644 0
3646 0
3647 0
3648 0
3649 0
3651 0
3652 0
3654 0
3655 0
3656 0
3658 0
3660 0
3663 0
3668 0
3677 0
3681 0
3684 0
3686 0
3690 0
3693 0
3697 0
3699 0
3700 0
3703 0
3704 0
3706 0
3707 0
3708 0
3717 0
3718 0
3720 0
3722 0
3723 0
3725 0
3726 0
3733 0
3737 0
3738 0
3739 0
3743 0
3746 0
3747 0
3748 0
3749 0
3750 0
3752 0
3756 0
3757 0
3758 0
3759 0
3761 0
3762 0
3763 0
3766 0
3767 0
3769 0
3770 0
3779 0
3780 0
3782 0
3783 0
3786 0
3788 0
3791 0
3793 0
3797 0
3799 0
3800 0
3808 0
3809 0
3813 0
3814 0
3818 0
3819 0
3821 0
3822 0
3824 0
3826 0
3828 0
3832 0
3833 0
3834 0
3837 0
3839 0
3840 0
3845 0
3846 0
3849 0
3850 0
3851 0
3853 0
3856 0
3857 0
3859 0
3860 0
3861 0
3862 0
3865 0
3866 0
3870 0
3871 0
3872 0
3874 0
3875 0
3877 0
3878 0
3879 0
3880 0
3883 0
3884 0
3886 0
3890 0
3891 0
3892 0
3897 0
3898 0
3902 0
3904 0
3908 0
3909 0
3912 0
3913 0
3917 0
3919 0
3926 0
3927 0
3930 0
3934 0
3936 0
3939 0
3940 0
3942 0
3943 0
3945 0
3946 0
3947 0
3948 0
3949 0
3951 0
3953 0
3958 0
3960 0
3962 0
3964 0
3965 0
3966 0
3968 0
3970 0
3971 0
3972 0
3975 0
3982 0
3984 0
3985 0
3988 0
3989 0
3991 0
3994 0
3998 0
3999 0
4000 0
4001 0
4002 0
4005 0
4006 0
4007 0
4009 0
4011 0
4012 0
4014 0
4018 0
4019 0
4023 0
4024 0
4025 0
4026 0
4029 0
4030 0
4033 0
4036 0
4037 0
4039 0
4041 0
4042 0
4048 0
4054 0
4058 0
4061 0
4072 0
4077 0
4083 0
4087 0
4088 0
4091 0
4093 0
4095 0
4096 0
4098 0
4099 0
4100 0
4102 0
4103 0
4107 0
4109 0
4110 0
4111 0
4112 0
4113 0
4114 0
4117 0
4118 0
4119 0
4120 0
4121 0
4122 0
4123 0
4125 0
4126 0
4127 0
4129 0
4130 0
4131 0
4136 0
4138 0
4140 0
4141 0
4146 0
4152 0
4153 0
4154 0
4156 0
4157 0
4161 0
4162 0
4163 0
4166 0
4168 0
4169 0
4170 0
4172 0
4174 0
4175 0
4179 0
4182 0
4183 0
4184 0
4188 0
4189 0
4191 0
4196 0
4197 0
4202 0
4207 0
4209 0
4212 0
4214 0
4215 0
4216 0
4221 0
4225 0
4226 0
4231 0
4233 0
4235 0
4238 0
4239 0
4240 0
4241 0
4242 0
4243 0
4249 0
4251 0
4252 0
4253 0
4254 0
4257 0
4258 0
4265 0
4266 0
4268 0
4269 0
4270 0
4271 0
4272 0
4274 0
4275 0
4277 0
4279 0
4281 0
4286 0
4288 0
4289 0
4291 0
4292 0
4293 0
4294 0
4298 0
4299 0
4302 0
4303 0
4307 0
4309 0
4310 0
4311 0
4312 0
4314 0
4316 0
4317 0
4318 0
4321 0
4322 0
4324 0
4325 0
4326 0
4327 0
4329 0
4331 0
4332 0
4335 0
4336 0
4337 0
4339 0
4344 0
4345 0
4350 0
4354 0
4355 0
4357 0
4358 0
4365 0
4367 0
4368 0
4375 0
4381 0
4382 0
4383 0
4385 0
4390 0
4395 0
4401 0
4402 0
4405 0
4406 0
4407 0
4408 0
4410 0
4412 0
4413 0
4416 0
4418 0
4420 0
4423 0
4430 0
4432 0
4436 0
4439 0
4440 0
4445 0
4446 0
4447 0
4448 0
4449 0
4451 0
4456 0
4457 0
4458 0
4462 0
4464 0
4466 0
4467 0
4468 0
4470 0
4471 0
4472 0
4473 0
4475 0
4476 0
4477 0
4480 0
4484 0
4490 0
4493 0
4494 0
4495 0
4496 0
4498 0
4499 0
4504 0
4508 0
4510 0
4511 0
4513 0
4514 0
4517 0
4519 0
4523 0
4526 0
4528 0
4532 0
4536 0
4539 0
4541 0
4544 0
4549 0
4550 0
4551 0
4554 0
4556 0
4558 0
4562 0
4563 0
4564 0
4565 0
4566 0
4570 0
4572 0
4573 0
4574 0
4577 0
4578 0
4580 0
4581 0
4582 0
4584 0
4586 0
4587 0
4592 0
4594 0
4595 0
4596 0
4597 0
4602 0
4603 0
4605 0
4606 0
4611 0
4614 0
4615 0
4618 0
4619 0
4624 0
4625 0
4630 0
4631 0
4632 0
4636 0
4637 0
4639 0
4641 0
4642 0
4650 0
4651 0
4653 0
4654 0
4657 0
4659 0
4662 0
4664 0
4665 0
4666 0
4668 0
4669 0
4670 0
4671 0
4677 0
4678 0
4679 0
4680 0
4681 0
4689 0
4690 0
4692 0
4693 0
4694 0
4698 0
4699 0
4703 0
4704 0
4706 0
4710 0
4714 0
4715 0
4716 0
4717 0
4719 0
4726 0
4728 0
4729 0
4730 0
4731 0
4732 0
4733 0
4740 0
4747 0
4749 0
4750 0
4752 0
4754 0
4755 0
4756 0
4757 0
4758 0
4762 0
4765 0
4769 0
4772 0
4773 0
4775 0
4776 0
13 1
30 1
38 1
43 1
78 1
87 1
102 1
138 1
149 1
152 1
155 1
163 1
175 1
181 1
190 1
222 1
230 1
238 1
254 1
264 1
276 1
281 1
282 1
298 1
300 1
314 1
330 1
342 1
343 1
363 1
397 1
399 1
404 1
435 1
446 1
451 1
466 1
480 1
481 1
496 1
530 1
563 1
569 1
570 1
580 1
606 1
616 1
630 1
640 1
654 1
655 1
661 1
696 1
726 1
741 1
752 1
754 1
760 1
783 1
789 1
797 1
806 1
821 1
825 1
831 1
833 1
844 1
855 1
864 1
868 1
879 1
905 1
907 1
920 1
958 1
959 1
964 1
982 1
1024 1
1026 1
1052 1
1085 1
1087 1
1110 1
1114 1
1123 1
1130 1
1132 1
1134 1
1135 1
1136 1
1139 1
1145 1
1147 1
1156 1
1185 1
1191 1
1199 1
1217 1
1241 1
1244 1
1245 1
1253 1
1255 1
1262 1
1297 1
1320 1
1338 1
1347 1
1362 1
1370 1
1389 1
1392 1
1395 1
1407 1
1408 1
1413 1
1427 1
1435 1
1436 1
1448 1
1449 1
1450 1
1467 1
1482 1
1489 1
1490 1
1517 1
1518 1
1520 1
1535 1
1544 1
1549 1
1559 1
1567 1
1586 1
1616 1
1633 1
1636 1
1648 1
1667 1
1679 1
1695 1
1702 1
1717 1
1721 1
1729 1
1732 1
1744 1
1745 1
1748 1
1759 1
1764 1
1774 1
1775 1
1793 1
1833 1
1843 1
1847 1
1851 1
1860 1
1862 1
1868 1
1917 1
1929 1
1960 1
1966 1
1967 1
1984 1
1995 1
2002 1
2007 1
2019 1
2044 1
2047 1
2065 1
2068 1
2083 1
2097 1
2099 1
2113 1
2116 1
2124 1
2127 1
2130 1
2135 1
2139 1
2145 1
2187 1
2189 1
2192 1
2199 1
2205 1
2228 1
2233 1
2247 1
2251 1
2257 1
2264 1
2268 1
2275 1
2296 1
2297 1
2301 1
2304 1
2320 1
2321 1
2322 1
2329 1
2333 1
2339 1
2349 1
2350 1
2374 1
2378 1
2383 1
2388 1
2393 1
2416 1
2423 1
2433 1
2434 1
2435 1
2438 1
2439 1
2447 1
2474 1
2475 1
2489 1
2510 1
2512 1
2538 1
2548 1
2577 1
2586 1
2588 1
2595 1
2604 1
2612 1
2622 1
2627 1
2633 1
2639 1
2644 1
2658 1
2661 1
2665 1
2668 1
2675 1
2697 1
2723 1
2727 1
2730 1
2767 1
2794 1
2802 1
2823 1
2831 1
2845 1
2853 1
2876 1
2889 1
2914 1
2928 1
2932 1
2946 1
2956 1
2959 1
2991 1
3012 1
3042 1
3044 1
3054 1
3056 1
3058 1
3077 1
3100 1
3107 1
3116 1
3136 1
3151 1
3192 1
3199 1
3218 1
3243 1
3265 1
3286 1
3288 1
3294 1
3323 1
3333 1
3335 1
3370 1
3443 1
3473 1
3486 1
3497 1
3508 1
3525 1
3536 1
3543 1
3546 1
3547 1
3565 1
3566 1
3639 1
3659 1
3710 1
3715 1
3719 1
3730 1
3731 1
3741 1
3774 1
3796 1
3856 1
3863 1
3867 1
3887 1
3905 1
3916 1
3920 1
3921 1
3955 1
4053 1
4062 1
4081 1
4203 1
4211 1
4248 1
4260 1
4261 1
4271 1
4272 1
4278 1
4384 1
4441 1
4450 1
4481 1
4486 1
4518 1
4530 1
4533 1
4538 1
4542 1
4545 1
4547 1
4588 1
4608 1
4633 1
4634 1
4638 1
4643 1
4646 1
4658 1
4701 1
4723 1
4727 1
4746 1
4767 1
3 2
5 2
9 2
10 2
11 2
12 2
15 2
16 2
21 2
27 2
55 2
69 2
74 2
75 2
88 2
94 2
103 2
110 2
111 2
115 2
122 2
124 2
126 2
129 2
130 2
154 2
156 2
166 2
195 2
196 2
205 2
210 2
221 2
239 2
241 2
243 2
299 2
324 2
349 2
423 2
434 2
500 2
518 2
521 2
523 2
572 2
588 2
615 2
619 2
622 2
624 2
673 2
685 2
699 2
845 2
915 2
1044 2
1068 2
1252 2
1329 2
1470 2
1507 2
1766 2
1918 2
1924 2
1936 2
2164 2
2179 2
2521 2
3124 2
3807 2
4025 2
4035 2
4213 2
4699 2
4761 2
0 3
7 3
10 3
23 3
26 3
36 3
44 3
58 3
77 3
95 3
97 3
140 3
162 3
180 3
193 3
252 3
561 3
1609 3
1824 3
2260 3
2342 3
5 4
9 4
16 4
25 4
30 4
31 4
44 4
45 4
52 4
57 4
63 4
67 4
68 4
69 4
70 4
72 4
73 4
74 4
77 4
79 4
82 4
84 4
86 4
94 4
109 4
111 4
113 4
115 4
118 4
121 4
122 4
132 4
136 4
138 4
154 4
166 4
167 4
170 4
174 4
179 4
189 4
196 4
200 4
204 4
207 4
222 4
223 4
228 4
237 4
241 4
242 4
249 4
262 4
276 4
279 4
287 4
306 4
308 4
311 4
315 4
324 4
344 4
348 4
349 4
350 4
354 4
376 4
394 4
402 4
408 4
411 4
429 4
445 4
455 4
484 4
485 4
503 4
516 4
521 4
523 4
543 4
555 4
561 4
572 4
573 4
576 4
585 4
616 4
619 4
624 4
647 4
652 4
665 4
673 4
683 4
694 4
702 4
711 4
717 4
720 4
747 4
753 4
785 4
793 4
820 4
823 4
876 4
877 4
881 4
887 4
894 4
910 4
946 4
963 4
964 4
975 4
985 4
991 4
994 4
1012 4
1025 4
1044 4
1045 4
1073 4
1093 4
1106 4
1133 4
1202 4
1209 4
1216 4
1218 4
1226 4
1243 4
1246 4
1250 4
1256 4
1258 4
1261 4
1296 4
1300 4
1306 4
1307 4
1328 4
1329 4
1333 4
1361 4
1401 4
1403 4
1409 4
1421 4
1465 4
1502 4
1523 4
1531 4
1591 4
1592 4
1595 4
1642 4
1659 4
1700 4
1703 4
1762 4
1765 4
1780 4
1844 4
1848 4
1855 4
1876 4
1913 4
1918 4
1954 4
1973 4
1985 4
1993 4
1998 4
2048 4
2079 4
2108 4
2110 4
2118 4
2198 4
2279 4
2280 4
2283 4
2309 4
2311 4
2372 4
2375 4
2411 4
2414 4
2424 4
2431 4
2459 4
2473 4
2487 4
2508 4
2509 4
2525 4
2638 4
2667 4
2670 4
2678 4
2725 4
2768 4
2780 4
2801 4
2807 4
2832 4
2835 4
2836 4
2840 4
2842 4
2871 4
2891 4
2901 4
2904 4
2909 4
2910 4
2931 4
2936 4
2963 4
2988 4
2993 4
2998 4
3002 4
3015 4
3021 4
3023 4
3052 4
3110 4
3148 4
3271 4
3289 4
3291 4
3345 4
3379 4
3380 4
3418 4
3422 4
3423 4
3424 4
3429 4
3469 4
3576 4
3587 4
3622 4
3637 4
3638 4
3665 4
3683 4
3734 4
3764 4
3771 4
3798 4
3886 4
3895 4
3915 4
3918 4
3940 4
3961 4
4008 4
4104 4
4115 4
4124 4
4142 4
4187 4
4204 4
4302 4
4346 4
4362 4
4364 4
4421 4
4425 4
4442 4
4501 4
4505 4
4599 4
4601 4
4602 4
4609 4
4620 4
4645 4
4647 4
4682 4
4683 4
4690 4
4718 4
4725 4
4763 4
30 5
43 5
53 5
78 5
87 5
104 5
116 5
149 5
152 5
165 5
168 5
175 5
190 5
215 5
230 5
238 5
254 5
264 5
276 5
281 5
282 5
300 5
314 5
330 5
342 5
343 5
363 5
397 5
404 5
435 5
442 5
446 5
451 5
480 5
481 5
530 5
535 5
563 5
569 5
570 5
580 5
606 5
610 5
630 5
643 5
654 5
684 5
695 5
696 5
726 5
741 5
752 5
754 5
760 5
783 5
789 5
797 5
806 5
807 5
816 5
821 5
825 5
831 5
833 5
844 5
855 5
864 5
868 5
879 5
905 5
907 5
913 5
920 5
922 5
951 5
958 5
959 5
982 5
995 5
1014 5
1022 5
1024 5
1026 5
1080 5
1085 5
1087 5
1110 5
1114 5
1123 5
1130 5
1132 5
1134 5
1135 5
1136 5
1139 5
1145 5
1147 5
1156 5
1178 5
1185 5
1191 5
1217 5
1241 5
1244 5
1245 5
1253 5
1262 5
1292 5
1297 5
1320 5
1338 5
1347 5
1362 5
1389 5
1392 5
1395 5
1404 5
1407 5
1408 5
1413 5
1419 5
1427 5
1435 5
1436 5
1448 5
1449 5
1450 5
1467 5
1489 5
1490 5
1509 5
1517 5
1518 5
1520 5
1535 5
1544 5
1549 5
1559 5
1586 5
1597 5
1616 5
1633 5
1636 5
1663 5
1667 5
1679 5
1695 5
1702 5
1717 5
1721 5
1732 5
1744 5
1745 5
1748 5
1759 5
1764 5
1775 5
1793 5
1833 5
1837 5
1843 5
1847 5
1851 5
1860 5
1862 5
1868 5
1869 5
1917 5
1929 5
1955 5
1960 5
1963 5
1966 5
1967 5
1984 5
1986 5
1995 5
2002 5
2007 5
2019 5
2044 5
2047 5
2065 5
2068 5
2083 5
2097 5
2099 5
2106 5
2113 5
2116 5
2127 5
2135 5
2145 5
2188 5
2192 5
2199 5
2205 5
2228 5
2233 5
2247 5
2251 5
2257 5
2264 5
2275 5
2296 5
2297 5
2301 5
2304 5
2320 5
2321 5
2322 5
2329 5
2333 5
2339 5
2349 5
2350 5
2374 5
2378 5
2383 5
2388 5
2393 5
2416 5
2422 5
2423 5
2433 5
2434 5
2435 5
2439 5
2447 5
2474 5
2475 5
2489 5
2510 5
2512 5
2536 5
2541 5
2577 5
2586 5
2595 5
2612 5
2617 5
2624 5
2627 5
2633 5
2639 5
2644 5
2658 5
2661 5
2664 5
2665 5
2668 5
2697 5
2723 5
2727 5
2730 5
2756 5
2767 5
2794 5
2802 5
2809 5
2820 5
2831 5
2853 5
2864 5
2869 5
2876 5
2914 5
2928 5
2932 5
2938 5
2940 5
2946 5
2956 5
2959 5
2971 5
2991 5
3001 5
3003 5
3012 5
3016 5
3044 5
3054 5
3056 5
3058 5
3077 5
3100 5
3107 5
3116 5
3136 5
3141 5
3144 5
3151 5
3166 5
3180 5
3184 5
3190 5
3192 5
3198 5
3199 5
3213 5
3218 5
3224 5
3228 5
3243 5
3244 5
3250 5
3260 5
3265 5
3269 5
3286 5
3304 5
3312 5
3318 5
3323 5
3333 5
3335 5
3337 5
3363 5
3397 5
3434 5
3443 5
3461 5
3463 5
3473 5
3486 5
3497 5
3498 5
3508 5
3511 5
3514 5
3525 5
3527 5
3536 5
3546 5
3547 5
3566 5
3582 5
3609 5
3639 5
3710 5
3715 5
3719 5
3730 5
3735 5
3741 5
3775 5
3776 5
3785 5
3816 5
3831 5
3838 5
3863 5
3882 5
3905 5
3910 5
3916 5
3921 5
3938 5
3955 5
3981 5
4020 5
4046 5
4053 5
4060 5
4090 5
4143 5
4144 5
4177 5
4248 5
4259 5
4260 5
4273 5
4290 5
4333 5
4341 5
4356 5
4384 5
4393 5
4441 5
4443 5
4450 5
4486 5
4488 5
4497 5
4500 5
4518 5
4521 5
4530 5
4533 5
4538 5
4540 5
4542 5
4560 5
4561 5
4598 5
4604 5
4607 5
4608 5
4627 5
4633 5
4634 5
4638 5
4658 5
4691 5
4696 5
4701 5
4709 5
4723 5
4727 5
4746 5
4767 5
112 6
127 6
138 6
258 6
263 6
295 6
383 6
497 6
552 6
574 6
589 6
590 6
663 6
781 6
873 6
928 6
953 6
1033 6
1082 6
1113 6
1142 6
1164 6
1168 6
1207 6
1284 6
1295 6
1305 6
1375 6
1438 6
1446 6
1475 6
1479 6
1496 6
1503 6
1541 6
1558 6
1573 6
1579 6
1649 6
1690 6
1725 6
1736 6
1782 6
1802 6
1818 6
1870 6
1881 6
1912 6
1920 6
1934 6
1945 6
1987 6
1990 6
2017 6
2022 6
2054 6
2063 6
2086 6
2112 6
2120 6
2144 6
2148 6
2157 6
2176 6
2263 6
2287 6
2289 6
2295 6
2366 6
2399 6
2417 6
2425 6
2429 6
2432 6
2445 6
2488 6
2584 6
2593 6
2600 6
2611 6
2616 6
2623 6
2693 6
2703 6
2708 6
2745 6
2787 6
2804 6
2834 6
2859 6
2881 6
2883 6
2893 6
2922 6
2999 6
3034 6
3057 6
3086 6
3094 6
3097 6
3143 6
3156 6
3163 6
3246 6
3298 6
3305 6
3316 6
3356 6
3367 6
3457 6
3464 6
3491 6
3509 6
3532 6
3534 6
3538 6
3540 6
3574 6
3581 6
3589 6
3613 6
3615 6
3646 6
3663 6
3688 6
3751 6
3765 6
3802 6
3806 6
3857 6
3858 6
3894 6
3907 6
3919 6
3925 6
3937 6
3959 6
3967 6
3990 6
3992 6
4010 6
4013 6
4031 6
4047 6
4057 6
4063 6
4086 6
4097 6
4105 6
4165 6
4223 6
4257 6
4283 6
4378 6
4391 6
4394 6
4405 6
4445 6
4461 6
4475 6
4482 6
4489 6
4520 6
4522 6
4525 6
4548 6
4567 6
4600 6
4736 6
46 7
52 7
54 7
56 7
70 7
98 7
105 7
109 7
120 7
138 7
147 7
151 7
154 7
160 7
164 7
183 7
202 7
207 7
222 7
240 7
256 7
267 7
293 7
294 7
296 7
301 7
302 7
321 7
326 7
328 7
331 7
332 7
333 7
346 7
353 7
356 7
368 7
373 7
384 7
385 7
396 7
413 7
414 7
417 7
419 7
420 7
432 7
436 7
437 7
440 7
457 7
458 7
461 7
467 7
477 7
486 7
488 7
491 7
492 7
519 7
524 7
533 7
544 7
546 7
556 7
560 7
581 7
600 7
604 7
616 7
620 7
627 7
634 7
638 7
646 7
653 7
659 7
666 7
669 7
682 7
691 7
697 7
707 7
708 7
712 7
714 7
716 7
719 7
722 7
724 7
729 7
732 7
743 7
755 7
758 7
767 7
768 7
769 7
782 7
798 7
812 7
818 7
819 7
824 7
827 7
829 7
840 7
842 7
847 7
848 7
850 7
857 7
883 7
891 7
895 7
896 7
901 7
902 7
903 7
911 7
916 7
917 7
918 7
927 7
930 7
937 7
943 7
948 7
961 7
971 7
979 7
996 7
997 7
1000 7
1003 7
1011 7
1020 7
1023 7
1027 7
1032 7
1038 7
1048 7
1053 7
1060 7
1064 7
1071 7
1072 7
1078 7
1083 7
1084 7
1088 7
1099 7
1103 7
1115 7
1125 7
1126 7
1138 7
1141 7
1148 7
1150 7
1154 7
1157 7
1159 7
1160 7
1176 7
1180 7
1182 7
1184 7
1190 7
1194 7
1198 7
1200 7
1206 7
1208 7
1211 7
1219 7
1223 7
1233 7
1242 7
1263 7
1265 7
1266 7
1269 7
1277 7
1279 7
1289 7
1310 7
1311 7
1319 7
1325 7
1326 7
1332 7
1336 7
1339 7
1341 7
1342 7
1343 7
1345 7
1346 7
1356 7
1358 7
1360 7
1365 7
1369 7
1371 7
1373 7
1383 7
1386 7
1391 7
1397 7
1402 7
1414 7
1417 7
1426 7
1429 7
1441 7
1466 7
1471 7
1472 7
1486 7
1492 7
1494 7
1495 7
1505 7
1512 7
1528 7
1533 7
1538 7
1545 7
1551 7
1557 7
1560 7
1562 7
1571 7
1576 7
1582 7
1596 7
1605 7
1612 7
1620 7
1632 7
1638 7
1644 7
1650 7
1651 7
1652 7
1670 7
1671 7
1673 7
1675 7
1677 7
1687 7
1693 7
1705 7
1714 7
1716 7
1722 7
1733 7
1740 7
1741 7
1743 7
1746 7
1749 7
1757 7
1760 7
1769 7
1772 7
1777 7
1786 7
1790 7
1800 7
1811 7
1829 7
1834 7
1846 7
1853 7
1871 7
1877 7
1880 7
1891 7
1911 7
1914 7
1916 7
1923 7
1928 7
1931 7
1932 7
1939 7
1940 7
1949 7
1956 7
1962 7
1964 7
1969 7
1972 7
1975 7
1978 7
2013 7
2016 7
2026 7
2035 7
2037 7
2038 7
2043 7
2062 7
2066 7
2070 7
2073 7
2081 7
2084 7
2096 7
2107 7
2122 7
2123 7
2126 7
2131 7
2133 7
2140 7
2142 7
2150 7
2154 7
2159 7
2166 7
2181 7
2182 7
2195 7
2196 7
2200 7
2204 7
2209 7
2218 7
2220 7
2229 7
2231 7
2241 7
2245 7
2249 7
2252 7
2253 7
2261 7
2265 7
2266 7
2267 7
2269 7
2271 7
2282 7
2292 7
2293 7
2300 7
2307 7
2308 7
2313 7
2314 7
2316 7
2335 7
2344 7
2348 7
2352 7
2353 7
2354 7
2362 7
2364 7
2373 7
2377 7
2379 7
2380 7
2389 7
2391 7
2395 7
2398 7
2406 7
2410 7
2412 7
2426 7
2436 7
2440 7
2443 7
2451 7
2458 7
2461 7
2463 7
2495 7
2499 7
2502 7
2514 7
2519 7
2524 7
2528 7
2529 7
2534 7
2535 7
2547 7
2553 7
2566 7
2575 7
2580 7
2587 7
2599 7
2609 7
2620 7
2628 7
2629 7
2652 7
2669 7
2671 7
2672 7
2673 7
2679 7
2680 7
2687 7
2688 7
2698 7
2707 7
2734 7
2740 7
2746 7
2747 7
2749 7
2750 7
2759 7
2768 7
2774 7
2775 7
2781 7
2782 7
2783 7
2786 7
2788 7
2814 7
2819 7
2827 7
2841 7
2844 7
2846 7
2849 7
2852 7
2872 7
2873 7
2877 7
2897 7
2899 7
2902 7
2903 7
2906 7
2930 7
2933 7
2934 7
2939 7
2944 7
2945 7
2951 7
2954 7
2955 7
2958 7
2960 7
2962 7
2965 7
2974 7
2976 7
2977 7
2983 7
2984 7
3005 7
3007 7
3017 7
3019 7
3030 7
3038 7
3039 7
3048 7
3061 7
3069 7
3073 7
3076 7
3089 7
3092 7
3098 7
3111 7
3113 7
3121 7
3122 7
3126 7
3128 7
3131 7
3139 7
3153 7
3159 7
3168 7
3176 7
3183 7
3186 7
3187 7
3188 7
3193 7
3202 7
3206 7
3208 7
3209 7
3211 7
3215 7
3219 7
3223 7
3231 7
3232 7
3236 7
3241 7
3247 7
3253 7
3261 7
3267 7
3268 7
3270 7
3280 7
3282 7
3296 7
3297 7
3300 7
3306 7
3322 7
3338 7
3343 7
3346 7
3354 7
3355 7
3377 7
3381 7
3385 7
3388 7
3396 7
3399 7
3403 7
3413 7
3416 7
3417 7
3420 7
3440 7
3441 7
3442 7
3453 7
3455 7
3479 7
3495 7
3500 7
3504 7
3505 7
3513 7
3516 7
3523 7
3529 7
3539 7
3550 7
3551 7
3554 7
3559 7
3569 7
3570 7
3575 7
3577 7
3588 7
3597 7
3598 7
3605 7
3619 7
3628 7
3630 7
3642 7
3645 7
3650 7
3653 7
3657 7
3661 7
3662 7
3664 7
3666 7
3670 7
3676 7
3682 7
3687 7
3691 7
3692 7
3714 7
3724 7
3727 7
3728 7
3729 7
3732 7
3740 7
3744 7
3745 7
3760 7
3773 7
3784 7
3787 7
3792 7
3795 7
3803 7
3815 7
3820 7
3823 7
3825 7
3827 7
3836 7
3840 7
3841 7
3843 7
3847 7
3848 7
3852 7
3855 7
3864 7
3868 7
3869 7
3873 7
3876 7
3878 7
3881 7
3889 7
3896 7
3899 7
3901 7
3906 7
3914 7
3922 7
3923 7
3929 7
3935 7
3941 7
3950 7
3954 7
3956 7
3963 7
3973 7
3977 7
3983 7
3986 7
3987 7
3995 7
4004 7
4011 7
4015 7
4024 7
4040 7
4045 7
4056 7
4066 7
4069 7
4070 7
4073 7
4074 7
4079 7
4080 7
4082 7
4084 7
4085 7
4092 7
4094 7
4096 7
4106 7
4130 7
4133 7
4135 7
4137 7
4141 7
4145 7
4147 7
4159 7
4160 7
4164 7
4173 7
4176 7
4181 7
4195 7
4200 7
4206 7
4208 7
4217 7
4220 7
4224 7
4228 7
4230 7
4234 7
4236 7
4237 7
4250 7
4255 7
4256 7
4262 7
4267 7
4276 7
4280 7
4285 7
4295 7
4296 7
4304 7
4306 7
4313 7
4315 7
4320 7
4323 7
4328 7
4330 7
4342 7
4347 7
4349 7
4357 7
4359 7
4361 7
4363 7
4370 7
4371 7
4373 7
4376 7
4379 7
4380 7
4386 7
4397 7
4400 7
4404 7
4409 7
4424 7
4426 7
4427 7
4428 7
4431 7
4433 7
4435 7
4438 7
4444 7
4452 7
4463 7
4465 7
4483 7
4487 7
4503 7
4506 7
4509 7
4512 7
4524 7
4531 7
4535 7
4557 7
4559 7
4568 7
4569 7
4571 7
4575 7
4585 7
4589 7
4590 7
4591 7
4612 7
4617 7
4621 7
4640 7
4644 7
4661 7
4663 7
4671 7
4675 7
4676 7
4688 7
4702 7
4708 7
4712 7
4737 7
4738 7
4741 7
4742 7
4744 7
4745 7
4748 7
4753 7
4764 7
4766 7
4768 7
4770 7
4771 7
30 8
35 8
37 8
45 8
52 8
57 8
63 8
66 8
67 8
70 8
72 8
73 8
78 8
79 8
82 8
90 8
102 8
104 8
106 8
109 8
117 8
118 8
131 8
134 8
136 8
138 8
139 8
141 8
146 8
148 8
150 8
151 8
153 8
154 8
156 8
158 8
163 8
165 8
167 8
168 8
170 8
174 8
185 8
186 8
189 8
194 8
198 8
207 8
208 8
210 8
213 8
214 8
216 8
219 8
222 8
223 8
225 8
226 8
227 8
232 8
237 8
242 8
245 8
246 8
250 8
251 8
253 8
258 8
261 8
268 8
269 8
270 8
271 8
272 8
273 8
274 8
275 8
276 8
278 8
279 8
280 8
282 8
290 8
292 8
306 8
307 8
311 8
315 8
320 8
325 8
327 8
328 8
340 8
341 8
343 8
345 8
348 8
351 8
354 8
355 8
359 8
360 8
362 8
365 8
370 8
372 8
374 8
376 8
378 8
379 8
382 8
388 8
390 8
392 8
394 8
395 8
402 8
406 8
407 8
408 8
412 8
415 8
418 8
424 8
428 8
429 8
433 8
434 8
435 8
438 8
439 8
442 8
444 8
446 8
447 8
452 8
460 8
466 8
471 8
476 8
478 8
480 8
482 8
483 8
485 8
487 8
489 8
493 8
494 8
496 8
510 8
511 8
513 8
514 8
515 8
516 8
517 8
521 8
525 8
531 8
541 8
542 8
559 8
566 8
568 8
573 8
575 8
579 8
584 8
585 8
592 8
595 8
598 8
602 8
605 8
609 8
610 8
612 8
618 8
628 8
631 8
634 8
642 8
644 8
664 8
677 8
679 8
684 8
690 8
695 8
696 8
699 8
702 8
703 8
709 8
710 8
723 8
734 8
735 8
736 8
738 8
748 8
750 8
751 8
757 8
765 8
766 8
770 8
788 8
789 8
790 8
799 8
800 8
807 8
809 8
816 8
825 8
826 8
830 8
836 8
839 8
841 8
846 8
856 8
858 8
863 8
866 8
872 8
878 8
880 8
882 8
885 8
888 8
898 8
900 8
904 8
914 8
920 8
925 8
931 8
932 8
935 8
938 8
945 8
946 8
955 8
956 8
960 8
966 8
968 8
973 8
977 8
978 8
984 8
988 8
1001 8
1008 8
1013 8
1025 8
1030 8
1042 8
1044 8
1047 8
1050 8
1055 8
1059 8
1065 8
1070 8
1075 8
1077 8
1086 8
1089 8
1091 8
1093 8
1106 8
1110 8
1119 8
1120 8
1121 8
1123 8
1128 8
1131 8
1144 8
1146 8
1149 8
1161 8
1162 8
1167 8
1170 8
1172 8
1175 8
1179 8
1181 8
1183 8
1187 8
1188 8
1191 8
1209 8
1210 8
1212 8
1217 8
1232 8
1239 8
1257 8
1262 8
1269 8
1273 8
1274 8
1276 8
1295 8
1297 8
1301 8
1306 8
1308 8
1315 8
1318 8
1323 8
1350 8
1351 8
1359 8
1381 8
1390 8
1404 8
1407 8
1412 8
1413 8
1415 8
1416 8
1430 8
1435 8
1437 8
1444 8
1447 8
1451 8
1452 8
1461 8
1462 8
1467 8
1473 8
1474 8
1476 8
1480 8
1487 8
1496 8
1498 8
1509 8
1518 8
1525 8
1526 8
1527 8
1529 8
1532 8
1543 8
1548 8
1550 8
1552 8
1557 8
1561 8
1569 8
1574 8
1589 8
1594 8
1597 8
1604 8
1613 8
1616 8
1617 8
1618 8
1619 8
1623 8
1624 8
1625 8
1631 8
1641 8
1645 8
1647 8
1655 8
1662 8
1673 8
1676 8
1678 8
1680 8
1681 8
1682 8
1688 8
1695 8
1696 8
1711 8
1712 8
1720 8
1734 8
1750 8
1752 8
1753 8
1767 8
1768 8
1770 8
1778 8
1782 8
1783 8
1784 8
1795 8
1797 8
1801 8
1803 8
1804 8
1807 8
1812 8
1813 8
1816 8
1822 8
1825 8
1827 8
1834 8
1842 8
1845 8
1847 8
1849 8
1851 8
1857 8
1859 8
1862 8
1865 8
1868 8
1872 8
1873 8
1883 8
1889 8
1899 8
1900 8
1901 8
1908 8
1909 8
1912 8
1916 8
1922 8
1925 8
1927 8
1930 8
1937 8
1955 8
1957 8
1960 8
1963 8
1974 8
1976 8
1991 8
1994 8
1995 8
2010 8
2011 8
2012 8
2018 8
2021 8
2025 8
2029 8
2030 8
2033 8
2036 8
2039 8
2041 8
2042 8
2044 8
2057 8
2061 8
2069 8
2071 8
2075 8
2076 8
2077 8
2080 8
2095 8
2115 8
2121 8
2128 8
2129 8
2132 8
2136 8
2137 8
2149 8
2160 8
2161 8
2162 8
2163 8
2165 8
2170 8
2171 8
2172 8
2173 8
2177 8
2180 8
2184 8
2190 8
2199 8
2202 8
2207 8
2215 8
2219 8
2222 8
2224 8
2246 8
2254 8
2270 8
2272 8
2283 8
2284 8
2295 8
2297 8
2298 8
2312 8
2315 8
2326 8
2329 8
2331 8
2336 8
2351 8
2359 8
2360 8
2361 8
2363 8
2366 8
2370 8
2371 8
2381 8
2382 8
2392 8
2394 8
2401 8
2404 8
2409 8
2413 8
2428 8
2430 8
2444 8
2454 8
2456 8
2465 8
2467 8
2468 8
2469 8
2472 8
2479 8
2491 8
2492 8
2493 8
2494 8
2503 8
2510 8
2513 8
2517 8
2518 8
2522 8
2532 8
2545 8
2546 8
2551 8
2555 8
2568 8
2569 8
2573 8
2582 8
2583 8
2586 8
2588 8
2598 8
2606 8
2624 8
2631 8
2635 8
2636 8
2638 8
2648 8
2651 8
2653 8
2662 8
2666 8
2674 8
2682 8
2689 8
2690 8
2705 8
2709 8
2722 8
2723 8
2728 8
2729 8
2742 8
2743 8
2755 8
2757 8
2769 8
2772 8
2778 8
2779 8
2784 8
2785 8
2794 8
2798 8
2800 8
2803 8
2804 8
2808 8
2812 8
2815 8
2816 8
2820 8
2823 8
2828 8
2832 8
2837 8
2839 8
2845 8
2847 8
2851 8
2862 8
2863 8
2864 8
2868 8
2869 8
2875 8
2882 8
2895 8
2896 8
2900 8
2908 8
2913 8
2915 8
2920 8
2925 8
2929 8
2935 8
2938 8
2942 8
2952 8
2956 8
2967 8
2972 8
2981 8
2988 8
2992 8
2997 8
3004 8
3008 8
3011 8
3016 8
3018 8
3033 8
3043 8
3047 8
3051 8
3060 8
3064 8
3066 8
3068 8
3075 8
3080 8
3086 8
3090 8
3115 8
3129 8
3135 8
3140 8
3144 8
3145 8
3146 8
3154 8
3155 8
3160 8
3163 8
3165 8
3170 8
3172 8
3173 8
3201 8
3204 8
3210 8
3217 8
3220 8
3221 8
3230 8
3234 8
3235 8
3239 8
3243 8
3254 8
3255 8
3258 8
3272 8
3275 8
3294 8
3295 8
3299 8
3319 8
3326 8
3327 8
3329 8
3331 8
3337 8
3341 8
3342 8
3347 8
3351 8
3353 8
3357 8
3359 8
3362 8
3365 8
3369 8
3381 8
3387 8
3390 8
3392 8
3404 8
3409 8
3411 8
3414 8
3421 8
3424 8
3428 8
3430 8
3431 8
3432 8
3435 8
3437 8
3438 8
3458 8
3460 8
3465 8
3466 8
3471 8
3483 8
3485 8
3488 8
3490 8
3492 8
3494 8
3498 8
3511 8
3512 8
3517 8
3519 8
3533 8
3535 8
3547 8
3556 8
3558 8
3584 8
3592 8
3596 8
3600 8
3606 8
3607 8
3614 8
3618 8
3621 8
3623 8
3633 8
3639 8
3647 8
3667 8
3671 8
3672 8
3675 8
3678 8
3679 8
3685 8
3698 8
3700 8
3709 8
3721 8
3735 8
3736 8
3738 8
3742 8
3767 8
3777 8
3781 8
3789 8
3790 8
3794 8
3801 8
3805 8
3810 8
3817 8
3829 8
3830 8
3844 8
3883 8
3887 8
3893 8
3898 8
3902 8
3903 8
3911 8
3919 8
3925 8
3933 8
3937 8
3940 8
3957 8
3974 8
3980 8
4017 8
4021 8
4022 8
4028 8
4034 8
4038 8
4043 8
4044 8
4049 8
4050 8
4051 8
4053 8
4059 8
4060 8
4061 8
4067 8
4068 8
4076 8
4078 8
4081 8
4089 8
4097 8
4107 8
4108 8
4109 8
4111 8
4116 8
4132 8
4139 8
4150 8
4151 8
4158 8
4167 8
4171 8
4178 8
4180 8
4185 8
4186 8
4187 8
4190 8
4192 8
4194 8
4201 8
4203 8
4210 8
4211 8
4218 8
4219 8
4222 8
4225 8
4227 8
4232 8
4243 8
4245 8
4264 8
4284 8
4297 8
4301 8
4317 8
4318 8
4319 8
4330 8
4334 8
4340 8
4343 8
4344 8
4348 8
4351 8
4352 8
4353 8
4360 8
4369 8
4375 8
4377 8
4388 8
4389 8
4390 8
4392 8
4393 8
4398 8
4401 8
4406 8
4414 8
4415 8
4417 8
4422 8
4434 8
4437 8
4443 8
4453 8
4455 8
4468 8
4469 8
4478 8
4485 8
4486 8
4491 8
4492 8
4533 8
4542 8
4546 8
4552 8
4576 8
4583 8
4587 8
4593 8
4604 8
4607 8
4611 8
4613 8
4616 8
4619 8
4622 8
4623 8
4626 8
4629 8
4635 8
4652 8
4656 8
4667 8
4673 8
4674 8
4686 8
4695 8
4696 8
4709 8
4711 8
4713 8
4720 8
4721 8
4724 8
4739 8
4743 8
4754 8
4759 8
4760 8
4772 8
4 9
17 9
39 9
140 9
561 9
1215 9
1258 9
1824 9
3674 9
4434 9
184 10
2 11
380 11
843 11
8 12
14 12
33 12
54 12
98 12
99 12
131 12
151 12
183 12
289 12
328 12
346 12
364 12
368 12
373 12
396 12
413 12
440 12
467 12
486 12
488 12
519 12
523 12
524 12
556 12
567 12
620 12
641 12
666 12
743 12
798 12
812 12
827 12
847 12
901 12
902 12
918 12
930 12
941 12
967 12
1011 12
1015 12
1020 12
1053 12
1115 12
1140 12
1141 12
1163 12
1180 12
1184 12
1197 12
1231 12
1319 12
1325 12
1326 12
1341 12
1349 12
1366 12
1367 12
1429 12
1534 12
1632 12
1661 12
1673 12
1687 12
1693 12
1699 12
1706 12
1714 12
1735 12
1769 12
1777 12
1779 12
1796 12
1806 12
1852 12
1928 12
1931 12
1971 12
1975 12
1978 12
1982 12
2053 12
2066 12
2081 12
2159 12
2181 12
2209 12
2214 12
2244 12
2258 12
2278 12
2291 12
2307 12
2343 12
2344 12
2353 12
2440 12
2446 12
2451 12
2461 12
2514 12
2528 12
2566 12
2585 12
2587 12
2599 12
2610 12
2614 12
2696 12
2702 12
2704 12
2814 12
2867 12
2877 12
2923 12
2933 12
2947 12
2990 12
3030 12
3048 12
3091 12
3096 12
3169 12
3212 12
3263 12
3267 12
3296 12
3301 12
3320 12
3343 12
3385 12
3388 12
3413 12
3537 12
3544 12
3549 12
3567 12
3573 12
3642 12
3666 12
3711 12
3754 12
3778 12
3804 12
3868 12
3944 12
3952 12
3969 12
3978 12
3995 12
4069 12
4080 12
4101 12
4199 12
4205 12
4236 12
4237 12
4246 12
4262 12
4263 12
4287 12
4305 12
4306 12
4308 12
4374 12
4387 12
4419 12
4433 12
4460 12
4465 12
4474 12
4479 12
4509 12
4516 12
4531 12
4555 12
4579 12
4649 12
4655 12
4663 12
4702 12
4705 12
4707 12
4722 12
4734 12
4751 12
4764 12
6 13
22 14
24 14
29 14
30 14
52 14
67 14
70 14
71 14
73 14
82 14
85 14
102 14
107 14
119 14
131 14
132 14
137 14
138 14
142 14
153 14
154 14
156 14
159 14
163 14
171 14
203 14
207 14
208 14
215 14
224 14
226 14
229 14
250 14
254 14
271 14
275 14
283 14
292 14
304 14
313 14
322 14
334 14
335 14
336 14
366 14
371 14
376 14
386 14
408 14
429 14
430 14
447 14
453 14
456 14
465 14
475 14
490 14
506 14
507 14
523 14
527 14
537 14
539 14
540 14
545 14
549 14
562 14
582 14
583 14
594 14
598 14
599 14
614 14
631 14
639 14
651 14
662 14
670 14
674 14
681 14
686 14
695 14
701 14
721 14
736 14
761 14
791 14
815 14
838 14
852 14
854 14
860 14
866 14
874 14
884 14
908 14
909 14
913 14
915 14
919 14
929 14
930 14
931 14
939 14
950 14
952 14
957 14
964 14
968 14
970 14
980 14
981 14
982 14
986 14
987 14
993 14
999 14
1004 14
1008 14
1014 14
1018 14
1029 14
1031 14
1054 14
1055 14
1056 14
1057 14
1058 14
1059 14
1098 14
1100 14
1111 14
1112 14
1117 14
1122 14
1134 14
1141 14
1165 14
1169 14
1171 14
1173 14
1177 14
1192 14
1193 14
1195 14
1205 14
1213 14
1234 14
1238 14
1249 14
1272 14
1280 14
1283 14
1299 14
1300 14
1304 14
1317 14
1334 14
1344 14
1348 14
1362 14
1368 14
1374 14
1382 14
1384 14
1388 14
1424 14
1425 14
1428 14
1443 14
1454 14
1455 14
1481 14
1483 14
1491 14
1522 14
1540 14
1555 14
1556 14
1564 14
1565 14
1568 14
1585 14
1598 14
1615 14
1621 14
1637 14
1667 14
1668 14
1692 14
1710 14
1715 14
1726 14
1730 14
1731 14
1747 14
1754 14
1773 14
1776 14
1787 14
1792 14
1798 14
1799 14
1813 14
1830 14
1831 14
1850 14
1858 14
1895 14
1907 14
1919 14
1947 14
1948 14
1968 14
1977 14
1980 14
1992 14
2004 14
2048 14
2102 14
2103 14
2111 14
2136 14
2143 14
2156 14
2185 14
2208 14
2216 14
2221 14
2238 14
2254 14
2273 14
2274 14
2277 14
2286 14
2330 14
2352 14
2355 14
2357 14
2365 14
2390 14
2397 14
2400 14
2403 14
2407 14
2420 14
2444 14
2448 14
2449 14
2450 14
2456 14
2477 14
2482 14
2516 14
2520 14
2533 14
2538 14
2558 14
2567 14
2572 14
2596 14
2597 14
2602 14
2603 14
2608 14
2618 14
2625 14
2642 14
2643 14
2646 14
2660 14
2700 14
2711 14
2735 14
2744 14
2764 14
2766 14
2768 14
2769 14
2789 14
2817 14
2824 14
2833 14
2843 14
2866 14
2884 14
2917 14
2918 14
2957 14
2965 14
2979 14
2982 14
2987 14
2994 14
3009 14
3014 14
3041 14
3045 14
3049 14
3055 14
3071 14
3087 14
3103 14
3104 14
3149 14
3150 14
3152 14
3162 14
3165 14
3191 14
3193 14
3196 14
3203 14
3214 14
3216 14
3227 14
3237 14
3242 14
3248 14
3251 14
3256 14
3259 14
3262 14
3264 14
3290 14
3307 14
3315 14
3336 14
3340 14
3348 14
3370 14
3372 14
3376 14
3401 14
3439 14
3472 14
3481 14
3503 14
3507 14
3518 14
3531 14
3542 14
3571 14
3579 14
3601 14
3616 14
3629 14
3669 14
3684 14
3686 14
3689 14
3712 14
3713 14
3716 14
3753 14
3755 14
3768 14
3772 14
3786 14
3835 14
3842 14
3854 14
3900 14
3924 14
3928 14
3932 14
3976 14
3993 14
3996 14
3997 14
3999 14
4003 14
4027 14
4032 14
4055 14
4064 14
4065 14
4071 14
4075 14
4088 14
4098 14
4123 14
4129 14
4148 14
4149 14
4155 14
4193 14
4198 14
4221 14
4247 14
4277 14
4358 14
4372 14
4403 14
4411 14
4420 14
4429 14
4459 14
4472 14
4495 14
4502 14
4507 14
4510 14
4515 14
4527 14
4529 14
4534 14
4537 14
4543 14
4549 14
4553 14
4610 14
4628 14
4648 14
4657 14
4660 14
4693 14
4697 14
4700 14
4735 14
4747 14
4775 14
10 15
28 15
89 15
3694 15
1 16
18 17
20 17
32 17
41 17
49 17
65 17
83 17
92 17
192 17
233 17
400 17
448 17
551 17
596 17
2031 17
2777 17
4687 17
5 18
16 18
74 18
115 18
122 18
124 18
166 18
324 18
348 18
500 18
624 18
673 18
793 18
22 19
29 19
30 19
52 19
63 19
70 19
73 19
82 19
85 19
102 19
107 19
109 19
116 19
119 19
131 19
132 19
137 19
138 19
148 19
154 19
159 19
173 19
203 19
208 19
215 19
218 19
222 19
224 19
226 19
229 19
249 19
250 19
283 19
290 19
318 19
320 19
322 19
334 19
335 19
336 19
352 19
371 19
379 19
386 19
402 19
408 19
430 19
443 19
453 19
455 19
456 19
465 19
466 19
506 19
507 19
512 19
515 19
527 19
539 19
540 19
549 19
564 19
572 19
582 19
594 19
597 19
598 19
599 19
603 19
614 19
631 19
651 19
671 19
681 19
695 19
721 19
736 19
759 19
801 19
815 19
817 19
838 19
852 19
854 19
860 19
862 19
874 19
880 19
882 19
892 19
908 19
909 19
919 19
929 19
968 19
980 19
981 19
993 19
999 19
1004 19
1009 19
1014 19
1018 19
1029 19
1031 19
1036 19
1054 19
1056 19
1057 19
1058 19
1059 19
1080 19
1098 19
1104 19
1112 19
1122 19
1133 19
1161 19
1165 19
1171 19
1173 19
1192 19
1193 19
1195 19
1234 19
1249 19
1272 19
1280 19
1283 19
1304 19
1344 19
1348 19
1352 19
1368 19
1374 19
1380 19
1395 19
1443 19
1454 19
1455 19
1483 19
1491 19
1522 19
1548 19
1555 19
1566 19
1568 19
1598 19
1599 19
1603 19
1615 19
1637 19
1657 19
1668 19
1692 19
1700 19
1710 19
1730 19
1731 19
1754 19
1778 19
1779 19
1780 19
1792 19
1798 19
1830 19
1831 19
1850 19
1858 19
1884 19
1980 19
2004 19
2111 19
2114 19
2156 19
2161 19
2169 19
2185 19
2191 19
2197 19
2208 19
2238 19
2254 19
2273 19
2286 19
2330 19
2340 19
2355 19
2365 19
2407 19
2420 19
2448 19
2500 19
2516 19
2520 19
2533 19
2579 19
2596 19
2602 19
2619 19
2642 19
2660 19
2736 19
2762 19
2766 19
2769 19
2813 19
2817 19
2821 19
2823 19
2843 19
2866 19
2884 19
2917 19
2957 19
2979 19
2982 19
2987 19
3009 19
3049 19
3055 19
3103 19
3112 19
3124 19
3149 19
3150 19
3152 19
3191 19
3196 19
3214 19
3225 19
3237 19
3259 19
3285 19
3290 19
3307 19
3314 19
3326 19
3336 19
3379 19
3401 19
3433 19
3437 19
3439 19
3472 19
3481 19
3503 19
3507 19
3531 19
3542 19
3565 19
3583 19
3616 19
3629 19
3643 19
3652 19
3713 19
3753 19
3768 19
3772 19
3777 19
3800 19
3819 19
3822 19
3854 19
3924 19
3930 19
3976 19
3994 19
4003 19
4027 19
4032 19
4075 19
4134 19
4149 19
4155 19
4193 19
4243 19
4411 19
4420 19
4429 19
4454 19
4495 19
4515 19
4527 19
4537 19
4541 19
4587 19
4595 19
4610 19
4628 19
4654 19
4690 19
4697 19
4700 19
4735 19
4750 19
4756 19
4776 19
51 20
64 20
76 20
91 20
145 20
284 20
358 20
469 20
599 20
737 20
2554 20
4399 20
68 21
34 22
89 22
1069 22
42 23
121 23
316 23
449 23
692 23
1109 23
1635 23
2634 23
3811 23
3888 23
4282 23
42 24
121 24
61 25
144 25
211 25
1377 25
3695 25
3696 25
19 26
40 26
49 26
50 26
637 26
972 26
3702 26
936 27
5 28
30 28
52 28
63 28
67 28
70 28
73 28
98 28
102 28
109 28
116 28
131 28
133 28
138 28
148 28
151 28
154 28
163 28
165 28
167 28
176 28
185 28
197 28
207 28
208 28
210 28
218 28
222 28
236 28
249 28
251 28
288 28
292 28
297 28
303 28
313 28
320 28
328 28
347 28
349 28
360 28
391 28
402 28
406 28
408 28
416 28
439 28
455 28
466 28
482 28
488 28
498 28
515 28
523 28
536 28
564 28
572 28
577 28
592 28
597 28
613 28
616 28
619 28
621 28
649 28
651 28
662 28
703 28
744 28
745 28
756 28
761 28
791 28
805 28
827 28
838 28
841 28
863 28
880 28
882 28
892 28
893 28
914 28
930 28
950 28
962 28
964 28
970 28
984 28
988 28
994 28
1008 28
1009 28
1020 28
1022 28
1036 28
1077 28
1080 28
1097 28
1119 28
1133 28
1141 28
1170 28
1203 28
1222 28
1251 28
1269 28
1316 28
1335 28
1337 28
1352 28
1363 28
1370 28
1391 28
1394 28
1410 28
1411 28
1412 28
1420 28
1424 28
1440 28
1444 28
1451 28
1453 28
1460 28
1469 28
1502 28
1529 28
1543 28
1548 28
1557 28
1567 28
1570 28
1571 28
1576 28
1581 28
1603 28
1608 28
1609 28
1610 28
1617 28
1620 28
1673 28
1680 28
1684 28
1697 28
1704 28
1713 28
1729 28
1780 28
1789 28
1790 28
1792 28
1819 28
1826 28
1834 28
1838 28
1863 28
1866 28
1883 28
1885 28
1889 28
1897 28
1915 28
1919 28
1922 28
1926 28
1931 28
1947 28
1973 28
1992 28
2005 28
2006 28
2024 28
2032 28
2036 28
2064 28
2069 28
2072 28
2074 28
2077 28
2081 28
2129 28
2169 28
2178 28
2180 28
2183 28
2193 28
2194 28
2200 28
2210 28
2216 28
2225 28
2226 28
2235 28
2250 28
2260 28
2270 28
2299 28
2340 28
2342 28
2346 28
2369 28
2370 28
2404 28
2415 28
2419 28
2455 28
2483 28
2492 28
2498 28
2520 28
2524 28
2529 28
2530 28
2539 28
2543 28
2566 28
2598 28
2605 28
2632 28
2640 28
2654 28
2655 28
2657 28
2692 28
2707 28
2714 28
2715 28
2716 28
2718 28
2736 28
2739 28
2740 28
2742 28
2743 28
2751 28
2760 28
2764 28
2771 28
2773 28
2784 28
2789 28
2792 28
2796 28
2797 28
2800 28
2806 28
2822 28
2825 28
2828 28
2830 28
2887 28
2888 28
2895 28
2919 28
2943 28
2966 28
2978 28
2980 28
2991 28
3000 28
3015 28
3018 28
3023 28
3028 28
3031 28
3043 28
3052 28
3059 28
3061 28
3066 28
3112 28
3164 28
3177 28
3178 28
3193 28
3195 28
3205 28
3255 28
3271 28
3273 28
3287 28
3293 28
3294 28
3309 28
3314 28
3326 28
3329 28
3361 28
3362 28
3363 28
3375 28
3379 28
3382 28
3386 28
3393 28
3404 28
3419 28
3426 28
3429 28
3467 28
3471 28
3480 28
3578 28
3593 28
3595 28
3602 28
3625 28
3640 28
3673 28
3723 28
3737 28
3738 28
3739 28
3747 28
3758 28
3759 28
3767 28
3770 28
3809 28
3822 28
3846 28
3859 28
3874 28
3875 28
3883 28
3885 28
3886 28
3952 28
3964 28
3968 28
3979 28
4007 28
4023 28
4024 28
4035 28
4052 28
4092 28
4113 28
4114 28
4127 28
4128 28
4134 28
4182 28
4183 28
4225 28
4229 28
4230 28
4235 28
4237 28
4240 28
4242 28
4244 28
4247 28
4254 28
4266 28
4270 28
4286 28
4288 28
4292 28
4298 28
4299 28
4300 28
4307 28
4311 28
4312 28
4321 28
4325 28
4336 28
4338 28
4339 28
4344 28
4355 28
4361 28
4366 28
4383 28
4396 28
4428 28
4438 28
4508 28
4514 28
4563 28
4565 28
4566 28
4572 28
4578 28
4579 28
4581 28
4624 28
4631 28
4636 28
4668 28
4672 28
4685 28
4730 28
4731 28
4732 28
4764 28
4774 28
4776 28
37 29
44 29
1106 29
47 30
429 30
509 30
555 30
753 30
14 31
3705 31
133 32
725 32
1581 32
1755 32
2319 32
2973 32
3680 32
109 33
131 33
349 33
360 33
498 33
571 33
713 33
739 33
838 33
954 33
1080 33
1094 33
1204 33
1327 33
1354 33
1393 33
1410 33
1609 33
1723 33
1828 33
2052 33
4336 33
32 34
81 34
259 34
286 34
405 34
470 34
675 34
778 34
1372 34
1501 34
1504 34
1601 34
1627 34
1758 34
3812 34
4684 34
4775 34
787 35
47 36
509 36
555 36
670 36
753 36
1102 36
1108 36
1634 36
1809 36
2060 36
2134 36
2223 36
2985 36
3283 36
3380 36
3701 36
3931 36
4016 36
3705 37
114 38
1755 38
77 39